-30 -40 -30
1 1 2
1 2 -2
200
12
-10.000000 -10.000000 10.000000
10.000000 -10.000000 10.000000
-10.000000 10.000000 10.000000
10
10.000000 -10.000000 10.000000
-10.000000 10.000000 10.000000
10.000000 10.000000 10.000000
10
-10.000000 10.000000 10.000000
10.000000 10.000000 10.000000
-10.000000 10.000000 -10.000000
100
10.000000 10.000000 10.000000
-10.000000 10.000000 -10.000000
10.000000 10.000000 -10.000000
100
-10.000000 10.000000 -10.000000
10.000000 10.000000 -10.000000
-10.000000 -10.000000 -10.000000
1000
10.000000 10.000000 -10.000000
-10.000000 -10.000000 -10.000000
10.000000 -10.000000 -10.000000
1000
-10.000000 -10.000000 -10.000000
10.000000 -10.000000 -10.000000
-10.000000 -10.000000 10.000000
10000
-10.000000 -10.000000 10.000000
10.000000 -10.000000 10.000000
10.000000 -10.000000 -10.000000
10000
10.000000 -10.000000 10.000000
10.000000 -10.000000 -10.000000
10.000000 10.000000 10.000000
100000
10.000000 -10.000000 -10.000000
10.000000 10.000000 -10.000000
10.000000 10.000000 10.000000
100000
-10.000000 -10.000000 -10.000000
-10.000000 -10.000000 10.000000
-10.000000 10.000000 -10.000000
1000000
-10.000000 -10.000000 10.000000
-10.000000 10.000000 10.000000
-10.000000 10.000000 -10.000000
1000000
